-1
-1
-1
-1
-1
-1
-1
-1
-1
-1
-1
-1
-1
-1
-1
236
-1
-1
-1
-1
-1
-1
-1
-1
-1
-1
-1
-1
-1
-1
-1
-1
-1
715
-1
-1
87
-1
-1
-1
-1
-1
-1
-1
-1
-1
-1
-1
904
-1
-1
-1
-1
-1
54
-1
253
108
83
865
766
960
-1
-1
-1
54
712
-1
-1
182
7
-1
553
-1
-1
-1
24
-1
-1
993
-1
-1
-1
-1
-1
498
-1
-1
-1
182
58
-1
766
-1
864
-1
463
-1
-1
821
463
-1
116
-1
-1
-1
-1
-1
940
633
-1
-1
463
301
80
-1
-1
949
-1
-1
-1
116
-1
-1
-1
-1
-1
-1
-1
-1
-1
-1
-1
-1
-1
764
-1
498
-1
329
-1
-1
-1
300
-1
-1
940
-1
370
446
-1
-1
-1
-1
-1
578
-1
-1
-1
-1
414
-1
143
-1
-1
-1
329
-1
-1
-1
-1
-1
-1
-1
-1
-1
325
764
-1
328
-1
414
-1
370
966
988
708
-1
-1
-1
-1
-1
-1
80
-1
-1
-1
-1
-1
369
-1
54
-1
447
741
-1
-1
-1
20
-1
-1
244
-1
473
-1
-1
988
-1
-1
872
-1
-1
741
-1
687
-1
-1
962
-1
-1
917
244
-1
741
-1
375
868
872
-1
-1
-1
-1
-1
-1
88
154
473
-1
-1
-1
-1
-1
-1
-1
-1
-1
-1
-1
-1
-1
202
-1
708
-1
-1
-1
-1
253
-1
-1
-1
-1
473
-1
505
-1
-1
-1
415
-1
-1
-1
-1
524
-1
-1
-1
-1
-1
-1
-1
741
-1
-1
-1
156
858
-1
97
-1
-1
-1
-1
-1
-1
708
96
755
-1
-1
-1
-1
473
-1
-1
287
912
-1
-1
-1
898
-1
-1
-1
31
37
-1
110
352
-1
-1
-1
-1
-1
-1
-1
-1
489
-1
906
-1
-1
-1
-1
-1
-1
60
770
-1
515
202
283
37
96
-1
-1
202
770
717
-1
426
-1
-1
-1
-1
-1
770
-1
-1
551
-1
-1
516
373
-1
-1
-1
618
-1
282
-1
125
664
282
-1
-1
-1
-1
-1
-1
-1
-1
-1
-1
-1
-1
-1
-1
-1
-1
154
-1
-1
-1
-1
774
-1
-1
-1
-1
699
487
-1
980
-1
-1
895
-1
-1
936
285
-1
58
-1
-1
-1
-1
818
818
-1
549
746
-1
487
774
24
511
-1
-1
-1
487
562
204
-1
-1
360
-1
360
-1
503
-1
274
-1
-1
211
-1
-1
-1
-1
-1
-1
-1
-1
-1
420
-1
-1
-1
-1
-1
-1
-1
-1
342
542
-1
-1
552
-1
82
-1
-1
853
-1
593
-1
-1
-1
-1
-1
-1
-1
-1
312
974
-1
360
-1
-1
-1
-1
-1
-1
803
-1
-1
677
673
866
-1
-1
719
330
673
-1
-1
907
-1
60
792
-1
-1
-1
-1
420
259
20
-1
-1
-1
420
-1
916
-1
-1
220
121
-1
-1
-1
191
428
295
-1
-1
-1
-1
488
-1
-1
-1
-1
-1
678
-1
20
-1
-1
-1
-1
811
615
-1
-1
-1
-1
159
-1
153
-1
488
-1
153
382
-1
-1
-1
-1
-1
-1
-1
-1
220
-1
-1
801
-1
159
-1
-1
-1
839
-1
-1
407
-1
483
-1
-1
-1
-1
-1
83
488
912
-1
-1
978
-1
942
947
-1
-1
-1
-1
-1
-1
-1
-1
-1
159
-1
-1
156
-1
-1
476
-1
707
-1
-1
-1
-1
-1
-1
268
-1
-1
-1
-1
-1
707
-1
-1
258
5
564
258
806
978
149
-1
-1
-1
-1
-1
-1
105
-1
-1
-1
458
622
-1
-1
-1
92
-1
855
855
5
-1
-1
-1
-1
-1
-1
528
-1
-1
286
-1
-1
92
-1
888
-1
806
201
-1
-1
-1
-1
564
806
-1
-1
-1
-1
364
125
-1
-1
495
-1
663
-1
-1
-1
-1
132
771
-1
-1
-1
402
-1
603
-1
398
-1
-1
200
485
-1
-1
-1
794
-1
-1
-1
474
-1
-1
-1
537
-1
447
882
-1
864
-1
-1
-1
-1
-1
863
-1
882
-1
81
-1
-1
-1
595
-1
-1
666
-1
-1
-1
-1
-1
-1
-1
-1
-1
642
-1
-1
-1
192
663
-1
81
-1
81
666
37
271
-1
-1
-1
89
-1
-1
493
392
-1
-1
-1
141
157
-1
220
-1
-1
719
-1
595
955
-1
642
585
-1
234
392
-1
882
-1
-1
-1
-1
-1
-1
-1
-1
518
-1
-1
-1
-1
-1
-1
-1
-1
-1
-1
339
-1
587
-1
-1
-1
-1
89
-1
-1
-1
-1
-1
-1
-1
-1
-1
-1
-1
-1
657
-1
-1
103
955
719
-1
-1
-1
722
89
-1
-1
-1
-1
-1
-1
-1
-1
749
-1
-1
-1
-1
-1
353
-1
402
-1
164
-1
-1
-1
-1
-1
-1
-1
341
-1
-1
760
-1
-1
-1
-1
-1
-1
-1
-1
120
-1
-1
-1
-1
-1
89
-1
-1
-1
-1
-1
-1
-1
-1
726
-1
-1
-1
-1
-1
-1
-1
849
487
-1
-1
-1
-1
-1
-1
813
-1
-1
679
-1
-1
-1
-1
-1
790
-1
358
-1
-1
849
593
-1
-1
120
595
-1
-1
589
-1
-1
-1
216
-1
-1
-1
-1
-1
654
-1
205
459
867
91
-1
-1
790
-1
925
-1
-1
-1
-1
-1
-1
-1
350
-1
-1
-1
-1
-1
-1
439
-1
-1
-1
398
-1
-1
669
619
435
324
-1
236
-1
-1
-1
-1
790
670
-1
-1
-1
-1
-1
-1
-1
-1
-1
-1
-1
-1
702
-1
-1
344
790
-1
-1
746
235
422
-1
180
-1
-1
-1
-1
-1
882
-1
-1
684
-1
903
-1
-1
-1
-1
-1
-1
-1
-1
-1
979
-1
-1
-1
-1
-1
-1
-1
622
-1
-1
-1
-1
-1
790
276
-1
367
-1
-1
-1
-1
-1
-1
756
-1
-1
514
-1
-1
-1
-1
368
-1
-1
756
-1
-1
-1
-1
-1
242
-1
-1
-1
-1
797
-1
-1
-1
-1
628
-1
-1
-1
30
-1
127
628
460
-1
-1
-1
16
-1
-1
839
127
566
-1
-1
-1
514
514
-1
-1
368
-1
-1
-1
-1
-1
-1
-1
493
-1
-1
-1
-1
-1
-1
-1
-1
-1
-1
-1
-1
628
-1
-1
-1
-1
-1
-1
-1
-1
-1
145
839
320
-1
-1
-1
-1
-1
797
568
-1
-1
-1
514
-1
-1
-1
-1
116
-1
-1
-1
-1
116
-1
-1
-1
-1
-1
-1
-1
-1
111
-1
444
-1
-1
-1
387
-1
-1
471
514
-1
-1
-1
183
-1
-1
-1
-1
-1
-1
-1
-1
-1
-1
-1
-1
-1
-1
-1
556
-1
-1
-1
-1
-1
-1
-1
139
-1
251
-1
-1
-1
320
264
907
-1
-1
232
296
-1
556
-1
729
-1
514
-1
-1
-1
-1
-1
-1
-1
-1
-1
-1
-1
-1
556
474
-1
-1
-1
-1
739
675
479
-1
-1
-1
-1
-1
-1
-1
-1
-1
-1
609
637
125
-1
-1
-1
-1
-1
806
-1
-1
-1
-1
533
-1
-1
579
556
-1
-1
-1
363
319
-1
-1
319
-1
-1
-1
-1
-1
319
-1
-1
-1
-1
-1
-1
960
132
-1
-1
-1
-1
-1
-1
280
-1
-1
-1
-1
-1
452
806
-1
542
-1
319
-1
-1
637
718
342
869
-1
-1
-1
383
-1
177
-1
363
-1
-1
-1
192
-1
-1
-1
-1
-1
642
621
-1
848
-1
-1
-1
464
-1
-1
-1
8
-1
-1
-1
-1
-1
-1
-1
-1
-1
621
-1
-1
512
-1
-1
-1
806
-1
-1
10
104
-1
-1
-1
-1
595
764
579
183
-1
-1
-1
-1
-1
869
987
-1
221
-1
-1
-1
320
-1
-1
815
221
-1
-1
-1
-1
-1
-1
675
-1
-1
-1
-1
354
-1
-1
-1
-1
-1
-1
-1
589
423
207
224
-1
716
-1
-1
948
-1
-1
-1
-1
-1
-1
-1
-1
-1
-1
-1
-1
-1
596
-1
-1
-1
-1
-1
-1
-1
-1
-1
397
-1
-1
861
863
-1
585
-1
-1
-1
423
880
-1
-1
578
-1
419
-1
-1
-1
-1
-1
-1
-1
213
-1
-1
845
423
-1
-1
-1
-1
-1
-1
-1
-1
-1
-1
-1
-1
-1
-1
-1
656
-1
-1
-1
408
-1
-1
869
-1
722
-1
-1
-1
-1
654
182
-1
-1
-1
-1
-1
-1
-1
-1
-1
-1
-1
259
-1
-1
139
-1
896
-1
-1
-1
-1
259
-1
296
-1
-1
-1
457
-1
-1
-1
630
-1
-1
-1
-1
529
-1
-1
307
241
-1
-1
930
-1
-1
-1
-1
26
354
-1
-1
-1
208
-1
669
771
-1
271
-1
979
-1
-1
-1
752
699
487
21
-1
529
226
-1
915
640
-1
227
-1
-1
259
-1
643
-1
979
208
-1
-1
-1
371
-1
-1
498
-1
-1
-1
21
579
882
-1
-1
124
-1
-1
156
-1
-1
579
-1
-1
341
-1
-1
-1
-1
-1
399
487
-1
-1
-1
-1
-1
-1
925
-1
240
-1
-1
-1
-1
-1
434
114
-1
-1
-1
-1
-1
-1
749
-1
-1
-1
10
-1
-1
-1
-1
494
127
-1
194
522
-1
-1
494
-1
259
-1
-1
-1
409
-1
-1
471
-1
-1
-1
-1
-1
-1
-1
647
-1
-1
-1
184
-1
267
346
-1
-1
-1
-1
-1
-1
815
105
-1
-1
267
-1
-1
-1
-1
196
-1
522
-1
-1
599
349
276
-1
-1
-1
-1
-1
-1
-1
672
284
375
271
-1
-1
-1
-1
-1
-1
-1
-1
-1
89
-1
89
-1
-1
892
-1
-1
-1
-1
284
-1
-1
-1
-1
-1
-1
-1
-1
-1
-1
-1
-1
346
-1
-1
-1
-1
-1
-1
-1
-1
-1
-1
-1
-1
-1
-1
433
-1
-1
-1
-1
-1
-1
-1
644
-1
-1
-1
-1
-1
172
-1
201
-1
438
-1
-1
-1
-1
-1
-1
-1
-1
257
-1
-1
-1
27
-1
-1
-1
-1
-1
-1
-1
-1
-1
-1
-1
961
-1
629
-1
-1
-1
-1
225
576
698
546
-1
-1
94
-1
-1
-1
771
-1
-1
-1
-1
-1
-1
-1
-1
540
-1
-1
-1
-1
11
-1
-1
99
-1
-1
-1
-1
-1
-1
107
-1
-1
181
-1
-1
-1
-1
126
-1
-1
810
-1
19
-1
-1
-1
-1
-1
-1
-1
-1
-1
665
-1
-1
-1
-1
273
-1
-1
-1
323
32
-1
-1
-1
-1
-1
-1
-1
573
11
60
219
-1
-1
-1
-1
-1
-1
-1
564
-1
-1
208
22
965
731
-1
-1
273
49
-1
-1
-1
-1
-1
-1
-1
273
-1
-1
684
288
-1
-1
-1
-1
-1
-1
-1
-1
-1
768
-1
-1
-1
-1
-1
-1
-1
-1
-1
573
-1
-1
607
438
463
-1
190
-1
-1
-1
-1
-1
-1
-1
493
469
727
559
-1
-1
-1
-1
361
680
768
-1
-1
-1
-1
-1
-1
543
-1
-1
-1
106
616
531
665
361
-1
-1
-1
-1
-1
-1
-1
-1
-1
-1
-1
-1
445
-1
-1
-1
-1
-1
-1
-1
-1
319
739
-1
-1
-1
-1
-1
-1
497
-1
-1
739
-1
-1
698
663
331
-1
-1
-1
445
595
567
234
-1
231
-1
21
-1
-1
-1
-1
-1
-1
-1
-1
-1
595
-1
-1
-1
-1
-1
-1
669
-1
592
-1
-1
-1
-1
289
268
251
-1
268
-1
-1
-1
-1
343
-1
930
-1
502
-1
-1
-1
-1
-1
592
-1
607
-1
-1
-1
-1
-1
-1
-1
-1
-1
504
303
-1
-1
817
100
930
-1
-1
-1
-1
-1
347
-1
915
-1
-1
-1
193
-1
-1
94
-1
-1
630
-1
-1
-1
106
-1
-1
158
-1
-1
-1
-1
-1
-1
-1
-1
-1
303
-1
-1
345
-1
607
351
635
-1
504
382
-1
-1
-1
958
-1
-1
-1
102
-1
-1
-1
-1
-1
75
715
-1
790
-1
-1
-1
-1
176
-1
-1
-1
698
-1
-1
-1
304
-1
177
-1
-1
304
-1
716
-1
-1
-1
-1
777
32
84
-1
-1
-1
-1
-1
-1
-1
-1
-1
-1
318
-1
-1
-1
-1
376
516
-1
-1
94
-1
465
308
141
-1
765
812
-1
-1
-1
-1
-1
-1
308
146
707
-1
716
-1
-1
64
-1
934
327
-1
-1
-1
-1
104
934
-1
509
968
-1
-1
-1
455
768
-1
-1
94
791
-1
-1
509
-1
-1
-1
-1
-1
435
-1
-1
-1
-1
-1
-1
-1
-1
602
-1
128
598
-1
-1
-1
-1
-1
355
-1
-1
-1
-1
820
-1
762
738
791
-1
632
-1
-1
-1
-1
-1
-1
735
133
-1
-1
-1
-1
-1
35
-1
-1
198
128
-1
135
-1
556
-1
598
166
-1
-1
35
862
-1
-1
-1
768
188
-1
331
768
-1
-1
-1
435
-1
-1
127
-1
-1
-1
-1
128
-1
-1
906
-1
96
-1
-1
542
-1
-1
735
456
-1
843
-1
127
-1
-1
537
-1
-1
35
-1
-1
-1
-1
-1
-1
-1
767
-1
669
-1
-1
-1
-1
-1
13
669
-1
-1
-1
907
-1
165
-1
876
987
-1
-1
-1
-1
-1
537
-1
493
-1
-1
96
-1
-1
-1
-1
-1
-1
225
-1
59
-1
626
-1
-1
-1
-1
-1
357
-1
327
-1
54
-1
-1
13
-1
-1
-1
308
-1
-1
327
537
-1
-1
306
187
-1
-1
627
165
13
-1
-1
276
167
-1
-1
466
-1
-1
-1
-1
-1
-1
-1
-1
-1
330
-1
-1
-1
-1
823
883
-1
-1
388
-1
-1
705
462
537
-1
-1
-1
709
-1
-1
-1
-1
327
-1
-1
-1
74
-1
462
168
-1
-1
-1
391
834
-1
-1
391
-1
391
-1
-1
701
563
29
-1
386
333
-1
-1
-1
-1
-1
-1
157
-1
-1
403
-1
-1
-1
-1
-1
-1
333
-1
-1
-1
63
-1
-1
-1
-1
594
-1
-1
-1
556
29
-1
-1
-1
-1
-1
-1
128
-1
-1
543
545
-1
-1
128
-1
-1
-1
-1
545
-1
-1
-1
-1
-1
-1
-1
-1
-1
360
-1
-1
-1
-1
-1
-1
702
-1
556
-1
-1
-1
-1
489
-1
-1
128
-1
-1
-1
-1
-1
-1
-1
-1
-1
-1
-1
490
89
460
-1
-1
-1
-1
-1
-1
-1
466
-1
825
510
-1
-1
-1
78
-1
-1
-1
89
510
-1
842
-1
-1
-1
-1
-1
-1
-1
-1
768
-1
518
510
-1
-1
459
-1
-1
-1
681
-1
-1
-1
-1
-1
-1
-1
-1
-1
456
-1
495
-1
1
-1
-1
-1
768
-1
-1
383
-1
-1
-1
-1
-1
-1
-1
-1
-1
281
-1
417
-1
419
-1
-1
875
-1
-1
-1
887
-1
500
-1
-1
-1
-1
-1
-1
-1
-1
849
193
-1
-1
-1
281
-1
-1
281
-1
-1
193
-1
-1
-1
-1
-1
-1
115
-1
-1
-1
-1
-1
-1
875
-1
137
-1
-1
-1
-1
134
-1
-1
-1
91
-1
-1
-1
-1
-1
361
-1
740
-1
-1
894
-1
160
-1
-1
-1
-1
193
180
-1
765
-1
384
-1
-1
-1
-1
-1
-1
-1
625
711
-1
974
-1
-1
-1
-1
-1
59
305
-1
689
625
-1
-1
180
361
-1
-1
-1
-1
435
-1
-1
668
-1
-1
-1
-1
-1
-1
-1
305
-1
284
-1
-1
-1
-1
-1
-1
-1
-1
-1
-1
-1
-1
305
644
-1
-1
925
-1
-1
722
-1
-1
913
-1
-1
-1
510
-1
-1
-1
-1
655
-1
-1
-1
305
-1
-1
564
961
925
927
747
-1
-1
410
794
-1
-1
-1
-1
-1
-1
-1
589
122
322
-1
180
214
-1
180
-1
-1
-1
410
747
-1
-1
622
-1
-1
-1
-1
-1
927
164
-1
-1
-1
-1
-1
348
-1
-1
-1
-1
855
-1
-1
-1
180
-1
-1
-1
-1
774
-1
350
-1
-1
-1
-1
872
-1
-1
-1
-1
-1
-1
-1
-1
-1
381
618
-1
-1
-1
-1
-1
-1
259
-1
-1
-1
-1
-1
-1
700
-1
-1
-1
149
-1
-1
-1
-1
46
154
-1
-1
-1
669
485
612
-1
-1
-1
330
-1
786
878
78
-1
-1
-1
-1
-1
-1
837
253
-1
-1
-1
-1
441
259
-1
700
588
439
-1
-1
-1
-1
184
-1
-1
33
439
700
-1
-1
-1
684
-1
-1
-1
-1
-1
-1
-1
86
-1
-1
-1
-1
-1
-1
784
984
369
-1
201
207
409
-1
-1
690
934
-1
-1
-1
281
-1
-1
-1
-1
-1
385
916
-1
-1
-1
493
919
-1
-1
776
-1
-1
588
-1
-1
690
-1
825
-1
-1
-1
-1
-1
742
653
-1
-1
-1
-1
370
756
-1
756
-1
653
-1
-1
-1
690
-1
224
-1
-1
-1
-1
-1
-1
630
-1
493
-1
612
-1
-1
-1
-1
-1
-1
246
943
-1
-1
-1
816
757
745
745
-1
745
-1
-1
756
-1
12
-1
-1
-1
984
-1
934
-1
938
313
-1
853
-1
-1
-1
-1
-1
612
-1
207
-1
-1
-1
-1
-1
-1
-1
-1
-1
-1
-1
-1
-1
6
-1
-1
-1
370
-1
-1
-1
-1
-1
-1
-1
-1
938
-1
370
-1
128
-1
-1
-1
943
-1
-1
-1
-1
-1
-1
-1
757
-1
-1
353
223
-1
-1
853
-1
-1
-1
351
-1
-1
-1
-1
-1
353
-1
-1
-1
-1
757
625
601
982
-1
-1
223
471
-1
921
-1
-1
-1
-1
-1
-1
-1
-1
-1
-1
-1
757
565
-1
-1
625
565
-1
-1
-1
-1
-1
901
-1
-1
-1
-1
-1
592
-1
-1
853
635
-1
-1
-1
-1
907
-1
-1
-1
907
-1
-1
-1
-1
-1
-1
817
-1
-1
-1
223
197
-1
-1
-1
826
-1
-1
-1
-1
404
-1
325
-1
-1
-1
625
-1
-1
-1
-1
-1
927
-1
125
931
-1
-1
-1
-1
-1
-1
280
-1
-1
22
-1
-1
-1
325
665
-1
-1
-1
488
-1
-1
-1
-1
-1
552
-1
-1
156
-1
-1
-1
-1
194
-1
-1
-1
878
-1
-1
-1
-1
-1
965
-1
-1
156
-1
-1
510
-1
-1
-1
-1
-1
-1
-1
-1
-1
890
914
-1
-1
627
-1
-1
-1
-1
-1
-1
-1
-1
-1
-1
965
-1
113
-1
-1
506
740
-1
113
-1
-1
-1
-1
-1
545
577
-1
-1
-1
-1
156
-1
-1
-1
156
-1
-1
-1
-1
-1
577
778
-1
-1
506
-1
-1
762
-1
-1
-1
-1
-1
-1
-1
-1
-1
-1
-1
-1
-1
-1
200
-1
-1
646
-1
-1
-1
-1
-1
-1
-1
-1
-1
-1
338
-1
433
204
506
-1
108
-1
-1
769
-1
-1
-1
762
-1
-1
-1
-1
-1
-1
-1
-1
778
973
-1
-1
640
-1
356
-1
389
-1
-1
686
-1
-1
-1
-1
-1
646
-1
-1
-1
-1
-1
-1
247
-1
762
699
-1
-1
-1
623
-1
979
497
52
450
-1
-1
-1
-1
-1
-1
-1
-1
-1
507
-1
56
445
-1
-1
-1
92
-1
673
-1
802
862
324
-1
382
-1
-1
-1
-1
900
-1
-1
-1
-1
743
-1
-1
-1
-1
-1
-1
944
747
966
341
92
-1
-1
-1
382
-1
743
-1
-1
-1
-1
268
268
-1
-1
-1
-1
197
309
-1
586
100
547
-1
-1
46
-1
432
-1
708
-1
694
-1
432
-1
101
-1
-1
-1
-1
-1
-1
-1
-1
353
-1
-1
-1
-1
-1
-1
-1
-1
-1
-1
-1
-1
-1
-1
92
-1
640
-1
-1
-1
-1
-1
44
-1
-1
-1
-1
-1
527
-1
-1
-1
473
-1
-1
-1
-1
225
-1
-1
497
999
-1
971
849
395
-1
-1
-1
-1
-1
-1
-1
-1
-1
-1
-1
23
-1
-1
-1
214
-1
690
443
613
-1
540
-1
584
-1
955
-1
-1
7
-1
-1
-1
-1
-1
140
-1
-1
-1
-1
-1
-1
-1
-1
-1
-1
918
-1
-1
-1
-1
-1
135
-1
-1
-1
-1
-1
-1
-1
-1
-1
-1
-1
-1
-1
-1
70
894
166
-1
-1
-1
789
-1
-1
-1
979
513
-1
-1
468
-1
414
-1
101
-1
-1
-1
489
134
7
-1
-1
241
-1
-1
131
-1
400
970
-1
166
-1
-1
-1
-1
-1
-1
-1
-1
-1
-1
-1
-1
-1
-1
-1
-1
-1
-1
-1
253
-1
-1
-1
43
-1
324
-1
-1
440
-1
-1
349
-1
58
324
997
-1
-1
-1
118
-1
-1
253
-1
-1
393
-1
43
-1
-1
-1
-1
-1
181
-1
-1
-1
-1
-1
-1
-1
617
573
-1
-1
-1
-1
106
-1
-1
328
-1
118
-1
-1
253
-1
655
964
-1
263
-1
-1
-1
-1
964
224
-1
380
-1
75
393
106
-1
-1
-1
614
-1
-1
-1
-1
-1
-1
-1
-1
-1
-1
60
-1
-1
449
-1
-1
449
-1
-1
363
-1
-1
-1
913
-1
-1
-1
784
-1
-1
-1
-1
862
-1
-1
576
-1
-1
472
-1
-1
-1
-1
-1
-1
-1
-1
620
-1
-1
-1
-1
-1
-1
398
-1
-1
-1
-1
318
-1
-1
-1
885
-1
318
-1
-1
-1
-1
-1
-1
-1
47
-1
-1
-1
-1
-1
869
-1
-1
-1
327
-1
-1
-1
-1
-1
-1
-1
-1
-1
-1
-1
-1
912
-1
-1
-1
-1
-1
-1
-1
-1
-1
-1
-1
-1
334
-1
-1
-1
-1
-1
84
-1
-1
840
58
-1
-1
168
277
658
-1
-1
730
321
-1
-1
-1
-1
779
-1
617
-1
-1
851
-1
-1
325
277
426
-1
936
-1
-1
-1
-1
617
-1
46
-1
487
-1
334
-1
-1
-1
516
-1
54
-1
-1
-1
-1
565
-1
-1
-1
-1
334
-1
-1
675
-1
-1
-1
277
180
-1
277
-1
325
-1
593
-1
-1
110
267
-1
375
28
-1
-1
-1
218
662
840
-1
398
-1
925
-1
-1
-1
-1
-1
378
277
702
-1
-1
36
28
-1
31
-1
-1
-1
-1
-1
-1
-1
370
-1
244
800
785
-1
-1
-1
-1
-1
-1
-1
-1
-1
-1
-1
-1
-1
-1
-1
-1
-1
-1
-1
-1
-1
-1
390
785
370
-1
-1
-1
-1
796
-1
-1
-1
-1
-1
-1
-1
-1
-1
-1
-1
-1
-1
-1
-1
27
-1
-1
-1
-1
-1
65
-1
-1
-1
-1
-1
890
65
-1
-1
-1
796
715
-1
-1
-1
1
-1
461
-1
907
-1
516
908
-1
-1
-1
250
-1
-1
824
-1
534
-1
-1
-1
-1
-1
534
277
-1
765
-1
-1
-1
-1
-1
-1
947
-1
305
-1
-1
-1
765
990
796
-1
-1
-1
-1
691
-1
-1
611
-1
-1
-1
-1
-1
-1
-1
-1
-1
-1
-1
308
-1
-1
284
-1
-1
748
-1
375
-1
-1
-1
159
845
703
761
-1
-1
455
-1
-1
-1
-1
516
-1
-1
-1
65
709
964
-1
-1
-1
-1
-1
-1
419
-1
-1
-1
-1
340
635
-1
-1
-1
649
-1
-1
709
-1
-1
733
-1
-1
-1
-1
-1
86
-1
-1
-1
284
-1
920
733
-1
-1
-1
12
-1
740
-1
-1
726
-1
-1
-1
-1
-1
-1
-1
168
-1
-1
-1
-1
129
-1
480
-1
-1
-1
-1
464
393
936
-1
-1
-1
500
668
773
-1
-1
-1
-1
-1
733
-1
252
-1
71
-1
-1
-1
-1
468
634
-1
-1
-1
-1
-1
-1
-1
-1
-1
-1
393
-1
-1
-1
-1
456
-1
668
-1
-1
-1
-1
-1
170
-1
-1
-1
-1
-1
-1
-1
-1
-1
95
911
-1
-1
-1
-1
-1
-1
-1
198
-1
-1
-1
-1
-1
970
102
506
733
-1
266
-1
380
-1
-1
-1
-1
-1
-1
380
-1
-1
-1
-1
-1
-1
-1
-1
359
-1
632
-1
79
-1
95
-1
-1
-1
-1
-1
682
-1
-1
-1
-1
-1
276
-1
-1
-1
-1
-1
102
285
-1
-1
-1
-1
524
-1
-1
292
-1
-1
-1
198
-1
-1
967
538
-1
-1
-1
-1
-1
-1
-1
-1
-1
-1
-1
632
1
744
-1
263
-1
-1
-1
-1
-1
-1
-1
67
880
754
-1
-1
-1
-1
134
1
-1
-1
-1
806
-1
-1
-1
292
-1
-1
-1
-1
-1
-1
-1
-1
817
-1
-1
-1
-1
-1
-1
-1
-1
-1
-1
-1
-1
-1
-1
-1
-1
817
474
-1
-1
-1
364
201
-1
-1
-1
-1
917
-1
-1
-1
-1
33
353
-1
292
-1
806
-1
878
-1
817
-1
-1
-1
426
-1
880
-1
469
426
-1
-1
469
292
-1
948
748
347
-1
-1
468
-1
748
-1
-1
-1
507
507
95
292
195
-1
-1
-1
292
-1
-1
-1
457
409
86
-1
-1
-1
-1
-1
-1
-1
-1
-1
455
-1
-1
528
-1
-1
794
-1
-1
817
457
-1
257
-1
-1
-1
-1
-1
880
-1
-1
-1
-1
-1
586
732
-1
-1
-1
-1
-1
-1
-1
-1
-1
-1
-1
-1
-1
-1
-1
-1
-1
-1
-1
-1
474
-1
451
-1
-1
314
483
-1
-1
-1
-1
482
556
757
-1
-1
-1
-1
-1
80
-1
-1
-1
-1
-1
537
966
-1
-1
-1
-1
-1
403
-1
916
-1
-1
732
388
-1
-1
195
-1
-1
501
-1
950
-1
285
-1
-1
-1
-1
-1
-1
-1
539
-1
-1
-1
-1
-1
677
-1
-1
-1
-1
-1
-1
-1
-1
393
-1
-1
731
-1
-1
828
-1
950
-1
-1
-1
718
-1
585
-1
822
718
-1
393
-1
867
-1
677
-1
-1
-1
-1
-1
-1
-1
-1
-1
827
101
-1
-1
-1
-1
-1
-1
36
-1
-1
-1
-1
649
-1
-1
-1
-1
507
-1
-1
-1
-1
-1
957
262
803
140
-1
-1
28
-1
-1
-1
-1
-1
-1
422
-1
-1
-1
-1
-1
-1
-1
448
882
-1
-1
738
-1
-1
-1
818
262
-1
755
-1
992
415
55
554
455
-1
-1
953
-1
-1
-1
-1
166
-1
-1
-1
65
-1
-1
-1
-1
-1
-1
-1
51
992
-1
-1
-1
-1
-1
-1
-1
-1
-1
184
-1
-1
-1
554
-1
-1
908
-1
-1
-1
65
873
83
-1
-1
262
-1
-1
-1
-1
-1
-1
111
-1
-1
981
401
-1
863
-1
-1
276
723
-1
-1
-1
-1
-1
303
-1
89
280
-1
-1
-1
-1
-1
-1
303
-1
-1
781
-1
-1
791
346
-1
-1
599
-1
-1
-1
599
-1
781
89
-1
-1
-1
-1
-1
-1
-1
-1
-1
-1
863
111
-1
-1
791
-1
357
838
-1
133
-1
781
-1
-1
-1
129
-1
-1
690
-1
-1
-1
89
-1
-1
-1
-1
527
257
-1
-1
-1
-1
-1
-1
360
-1
-1
365
-1
-1
-1
208
-1
-1
-1
-1
-1
-1
-1
-1
-1
360
-1
32
-1
-1
133
-1
402
202
-1
507
509
-1
-1
529
-1
812
208
-1
258
-1
-1
-1
-1
-1
402
-1
-1
-1
-1
-1
-1
-1
-1
396
402
-1
370
-1
-1
426
-1
62
-1
355
-1
608
-1
468
-1
-1
-1
509
-1
608
968
-1
-1
-1
-1
-1
-1
-1
-1
-1
-1
397
370
-1
-1
426
-1
553
355
-1
-1
-1
434
-1
327
480
-1
-1
-1
-1
784
-1
-1
-1
-1
-1
-1
-1
92
110
-1
-1
-1
-1
538
-1
-1
-1
972
-1
-1
-1
469
897
-1
-1
845
-1
-1
-1
-1
110
-1
-1
-1
916
-1
-1
-1
-1
-1
-1
327
929
-1
-1
-1
-1
-1
696
-1
367
830
-1
-1
346
-1
-1
425
-1
532
-1
-1
273
-1
-1
-1
-1
-1
618
-1
-1
-1
74
28
-1
-1
-1
-1
-1
-1
-1
-1
-1
-1
-1
-1
-1
273
898
-1
-1
-1
387
-1
-1
-1
152
152
-1
-1
25
-1
-1
82
-1
-1
-1
-1
-1
-1
-1
578
-1
259
106
-1
177
-1
46
493
527
273
194
516
898
-1
365
-1
-1
-1
-1
-1
-1
159
-1
578
82
-1
-1
-1
-1
-1
356
583
-1
-1
-1
-1
-1
-1
106
364
13
-1
356
-1
-1
-1
-1
-1
-1
-1
13
26
521
-1
-1
-1
285
-1
-1
-1
701
364
578
222
404
-1
-1
794
-1
-1
-1
-1
-1
-1
-1
-1
774
-1
-1
-1
-1
-1
-1
-1
-1
272
-1
-1
-1
-1
-1
-1
-1
471
-1
-1
345
-1
89
-1
-1
774
-1
-1
-1
453
-1
-1
-1
774
-1
-1
-1
-1
629
89
-1
60
-1
-1
386
-1
-1
-1
-1
217
-1
-1
941
-1
-1
-1
-1
-1
-1
695
-1
217
-1
414
-1
-1
-1
407
-1
-1
650
-1
-1
-1
-1
941
987
-1
65
-1
345
471
-1
-1
-1
732
303
-1
-1
357
507
470
-1
-1
-1
-1
-1
414
386
581
345
-1
599
-1
471
-1
-1
-1
106
-1
-1
683
852
695
106
-1
880
-1
-1
651
-1
-1
-1
340
-1
-1
-1
-1
-1
-1
-1
-1
-1
-1
-1
-1
880
987
-1
-1
445
-1
-1
491
683
278
974
-1
880
334
-1
-1
-1
-1
195
864
-1
-1
-1
-1
549
272
457
-1
862
-1
-1
620
-1
345
138
-1
-1
-1
150
-1
-1
-1
861
138
-1
108
150
278
-1
-1
769
-1
-1
717
-1
-1
-1
-1
-1
-1
-1
907
-1
974
-1
272
-1
-1
105
-1
284
180
-1
-1
601
587
278
649
-1
-1
-1
-1
278
663
-1
-1
852
-1
-1
-1
-1
-1
-1
864
-1
272
36
-1
-1
-1
-1
-1
907
-1
-1
-1
620
-1
182
248
-1
-1
150
773
-1
-1
-1
-1
-1
674
419
-1
694
322
-1
-1
-1
663
-1
255
113
248
835
-1
-1
-1
-1
-1
-1
248
-1
-1
113
419
218
-1
901
948
-1
-1
-1
-1
961
-1
377
763
-1
613
-1
-1
218
-1
-1
-1
-1
-1
-1
-1
-1
-1
899
-1
-1
-1
940
-1
-1
-1
-1
574
-1
-1
507
525
-1
-1
715
-1
597
-1
507
-1
-1
758
-1
-1
-1
-1
-1
196
-1
-1
764
676
-1
-1
-1
574
-1
758
-1
-1
-1
727
-1
507
-1
-1
-1
-1
-1
-1
79
-1
515
-1
574
324
-1
-1
-1
-1
-1
-1
-1
-1
-1
-1
-1
210
-1
-1
-1
628
507
-1
845
-1
641
-1
-1
-1
-1
-1
-1
-1
-1
-1
-1
-1
-1
136
-1
885
963
-1
-1
885
601
-1
-1
-1
-1
-1
915
247
363
326
-1
79
-1
-1
-1
-1
847
-1
210
-1
-1
-1
-1
-1
-1
-1
-1
-1
140
-1
84
941
581
-1
-1
-1
-1
-1
-1
-1
443
847
-1
-1
963
-1
-1
-1
-1
173
-1
301
-1
-1
830
151
-1
-1
-1
465
-1
173
79
-1
109
895
620
-1
-1
151
-1
-1
612
-1
-1
-1
19
58
465
945
574
387
196
830
-1
-1
-1
-1
-1
-1
-1
-1
-1
196
-1
-1
-1
714
986
-1
-1
-1
-1
-1
79
-1
-1
-1
344
-1
-1
620
-1
-1
-1
-1
-1
-1
-1
895
815
316
-1
-1
-1
591
-1
88
-1
935
-1
-1
-1
399
558
622
620
935
-1
-1
-1
-1
-1
-1
243
935
-1
-1
-1
543
-1
267
884
-1
-1
622
-1
-1
879
-1
-1
-1
-1
471
-1
-1
-1
-1
-1
-1
-1
-1
699
-1
-1
-1
543
-1
862
-1
-1
-1
339
-1
-1
-1
-1
-1
-1
-1
639
-1
-1
969
-1
-1
339
-1
-1
-1
-1
903
599
-1
-1
359
-1
242
-1
-1
-1
-1
-1
901
-1
-1
-1
699
-1
628
224
851
359
326
-1
-1
-1
-1
-1
-1
-1
-1
-1
-1
-1
-1
-1
-1
-1
869
499
441
224
181
273
-1
-1
-1
-1
-1
-1
-1
389
-1
-1
206
-1
-1
-1
187
530
-1
213
418
-1
-1
514
-1
-1
95
731
-1
-1
-1
-1
672
-1
-1
-1
794
179
-1
-1
-1
273
-1
-1
957
-1
-1
-1
-1
430
803
-1
172
-1
405
-1
-1
-1
-1
275
-1
-1
-1
-1
673
-1
-1
554
739
-1
578
-1
731
571
-1
622
-1
-1
-1
-1
550
-1
530
-1
-1
-1
-1
452
-1
-1
43
-1
905
427
624
945
275
682
-1
-1
-1
682
-1
780
-1
835
-1
-1
405
663
-1
-1
733
-1
-1
679
-1
-1
-1
-1
-1
428
-1
-1
790
-1
-1
-1
-1
564
-1
-1
-1
224
-1
674
-1
218
-1
364
-1
-1
-1
624
828
23
-1
428
-1
-1
-1
-1
-1
-1
22
-1
-1
-1
217
379
-1
663
-1
526
-1
-1
-1
663
992
433
-1
-1
-1
157
132
-1
-1
-1
-1
-1
-1
-1
-1
-1
393
63
-1
-1
-1
109
-1
-1
663
-1
55
-1
55
82
895
-1
-1
-1
109
-1
-1
-1
191
-1
-1
-1
-1
752
-1
-1
-1
-1
433
-1
-1
327
907
-1
-1
-1
294
231
157
-1
-1
324
-1
-1
-1
324
191
-1
-1
158
134
-1
545
-1
-1
946
-1
-1
233
419
-1
-1
-1
-1
-1
-1
55
-1
271
-1
-1
-1
-1
-1
447
-1
-1
-1
492
419
-1
-1
-1
-1
-1
-1
-1
-1
200
-1
-1
-1
-1
-1
921
-1
551
-1
-1
-1
-1
-1
862
194
-1
373
-1
572
554
-1
-1
311
-1
-1
345
-1
803
-1
-1
-1
-1
314
-1
-1
575
-1
-1
782
-1
-1
-1
-1
-1
-1
-1
921
894
-1
-1
194
9
-1
-1
-1
-1
-1
271
-1
271
-1
-1
-1
-1
-1
-1
-1
-1
-1
813
-1
-1
234
-1
937
-1
-1
544
-1
-1
-1
9
-1
-1
-1
-1
512
-1
-1
-1
-1
-1
-1
-1
-1
-1
-1
813
-1
-1
-1
242
721
-1
88
-1
-1
-1
-1
-1
-1
485
-1
-1
271
353
721
-1
-1
271
-1
-1
-1
-1
-1
-1
-1
-1
-1
-1
-1
-1
955
-1
-1
527
-1
-1
-1
922
344
-1
-1
-1
436
-1
-1
902
-1
902
-1
-1
-1
220
-1
-1
-1
-1
-1
220
-1
640
29
902
-1
512
-1
74
-1
-1
-1
-1
929
-1
-1
515
-1
344
-1
834
-1
-1
986
-1
-1
296
-1
-1
-1
-1
992
-1
-1
74
370
-1
296
-1
764
-1
313
-1
-1
-1
-1
-1
-1
-1
-1
-1
-1
-1
-1
-1
805
762
530
762
-1
-1
-1
403
444
-1
-1
-1
-1
-1
-1
-1
-1
-1
-1
-1
-1
535
-1
-1
497
-1
-1
-1
-1
535
-1
-1
463
-1
-1
-1
25
-1
-1
-1
668
-1
-1
-1
-1
-1
-1
-1
-1
385
821
11
-1
325
179
-1
-1
-1
-1
-1
-1
-1
474
-1
-1
-1
278
25
-1
265
497
-1
-1
-1
-1
-1
-1
351
338
444
497
935
448
472
-1
-1
100
-1
-1
851
-1
-1
-1
-1
-1
445
-1
-1
-1
11
-1
-1
-1
-1
-1
-1
-1
180
-1
474
497
101
584
-1
816
-1
167
-1
584
-1
683
-1
-1
-1
-1
-1
374
-1
-1
-1
497
-1
771
-1
-1
702
-1
474
-1
-1
-1
-1
-1
73
-1
738
-1
538
-1
-1
-1
-1
545
-1
-1
-1
-1
-1
-1
-1
-1
-1
-1
686
-1
-1
-1
-1
-1
-1
-1
-1
-1
-1
-1
-1
-1
621
524
-1
53
846
-1
-1
-1
838
-1
-1
-1
-1
-1
-1
-1
53
-1
-1
374
846
-1
-1
-1
-1
-1
-1
992
-1
-1
-1
497
948
228
-1
472
725
-1
-1
846
31
-1
-1
-1
-1
-1
490
-1
-1
-1
-1
-1
-1
-1
-1
-1
163
-1
-1
759
-1
796
796
-1
616
-1
-1
-1
-1
-1
-1
-1
-1
551
-1
-1
-1
-1
-1
-1
-1
-1
-1
53
-1
420
-1
-1
695
978
-1
-1
-1
781
-1
497
-1
-1
581
14
-1
-1
-1
960
-1
-1
687
-1
-1
-1
-1
278
634
228
977
-1
-1
-1
-1
613
-1
-1
-1
-1
-1
-1
91
-1
672
-1
27
-1
-1
-1
48
-1
314
-1
624
-1
-1
901
713
-1
-1
-1
-1
-1
978
-1
-1
-1
-1
-1
795
495
626
-1
-1
733
605
-1
-1
278
-1
-1
-1
-1
551
165
381
-1
-1
-1
733
27
229
629
-1
-1
-1
-1
-1
-1
-1
-1
-1
375
-1
672
-1
-1
27
-1
-1
-1
857
381
-1
-1
-1
-1
-1
-1
-1
-1
192
433
-1
-1
-1
997
-1
540
-1
-1
480
455
-1
340
-1
-1
-1
92
-1
-1
-1
-1
-1
-1
-1
892
879
112
174
-1
551
-1
-1
168
618
-1
892
-1
-1
-1
-1
-1
-1
879
-1
-1
-1
840
455
-1
-1
-1
78
-1
-1
-1
114
250
-1
-1
-1
-1
-1
-1
840
-1
-1
-1
304
-1
-1
-1
-1
-1
538
-1
214
-1
-1
-1
-1
941
-1
-1
-1
-1
-1
-1
-1
-1
210
-1
-1
-1
-1
-1
760
553
-1
304
879
-1
496
-1
-1
-1
-1
-1
-1
-1
250
-1
732
877
-1
918
-1
-1
-1
-1
-1
-1
-1
-1
-1
-1
-1
30
-1
-1
-1
-1
-1
836
770
-1
538
967
-1
-1
-1
-1
-1
-1
647
-1
-1
-1
862
-1
-1
-1
416
214
19
-1
275
-1
-1
-1
-1
-1
-1
993
770
-1
577
-1
-1
84
-1
-1
-1
887
979
-1
-1
-1
-1
538
-1
-1
-1
-1
-1
292
-1
961
267
-1
-1
-1
911
-1
-1
-1
-1
-1
-1
-1
-1
-1
-1
877
-1
-1
-1
319
-1
-1
-1
203
-1
-1
-1
-1
683
396
58
933
-1
319
-1
-1
-1
-1
109
-1
554
-1
-1
-1
-1
799
-1
-1
-1
-1
-1
-1
-1
-1
856
-1
-1
-1
-1
106
386
-1
500
813
-1
-1
-1
-1
-1
-1
557
-1
-1
-1
856
-1
-1
-1
-1
-1
-1
58
-1
964
-1
-1
420
854
-1
-1
-1
-1
-1
575
-1
277
284
-1
-1
867
-1
-1
-1
-1
-1
-1
-1
-1
-1
-1
-1
-1
-1
-1
-1
498
414
-1
-1
-1
-1
-1
-1
628
-1
-1
6
628
-1
-1
-1
-1
-1
-1
-1
-1
575
527
-1
-1
-1
-1
-1
-1
-1
-1
87
-1
-1
-1
-1
-1
-1
-1
911
87
-1
-1
-1
997
414
-1
841
-1
205
-1
179
-1
-1
822
-1
-1
-1
-1
-1
-1
200
-1
-1
-1
-1
-1
911
-1
-1
-1
951
565
229
-1
296
407
-1
-1
-1
365
-1
377
-1
-1
-1
296
229
-1
-1
-1
-1
296
-1
676
-1
-1
-1
-1
963
-1
814
-1
-1
-1
445
950
-1
-1
-1
255
-1
-1
963
-1
-1
-1
60
-1
381
-1
-1
-1
-1
-1
-1
-1
-1
-1
-1
-1
-1
-1
-1
529
814
-1
-1
-1
229
595
-1
-1
529
-1
123
492
529
-1
-1
-1
-1
-1
-1
149
-1
31
-1
-1
-1
948
838
-1
66
-1
-1
209
838
-1
-1
-1
-1
-1
560
-1
-1
993
-1
-1
-1
-1
-1
-1
838
-1
-1
308
-1
-1
-1
635
-1
-1
-1
529
-1
732
-1
852
31
737
-1
-1
449
416
-1
729
560
229
899
-1
-1
72
670
-1
-1
-1
133
157
-1
-1
-1
662
-1
-1
-1
-1
-1
899
-1
-1
588
-1
-1
719
-1
449
586
-1
-1
-1
-1
-1
935
-1
-1
78
-1
-1
-1
-1
-1
-1
-1
-1
-1
-1
-1
-1
520
-1
172
688
283
-1
-1
-1
398
863
-1
-1
-1
-1
520
-1
-1
-1
676
741
555
-1
-1
-1
-1
-1
-1
-1
398
-1
-1
-1
613
292
-1
-1
-1
-1
-1
613
-1
-1
-1
722
92
-1
659
-1
807
92
-1
-1
-1
-1
-1
-1
16
-1
-1
-1
-1
28
-1
-1
-1
-1
476
-1
-1
-1
562
-1
-1
-1
520
-1
659
-1
-1
-1
-1
-1
575
777
223
-1
-1
68
-1
692
-1
-1
213
716
681
-1
-1
-1
-1
-1
-1
-1
-1
899
-1
-1
-1
-1
-1
-1
-1
820
777
901
681
-1
-1
485
-1
-1
-1
-1
-1
-1
-1
603
475
679
506
-1
326
-1
-1
777
-1
506
709
-1
-1
-1
-1
480
-1
114
-1
344
-1
-1
-1
-1
-1
-1
-1
-1
-1
641
-1
-1
-1
-1
-1
607
360
-1
-1
738
-1
-1
-1
344
146
-1
565
-1
-1
-1
-1
-1
-1
333
333
-1
-1
-1
511
-1
-1
973
104
-1
-1
486
752
943
-1
-1
-1
-1
964
-1
-1
945
862
-1
-1
353
-1
-1
-1
945
-1
972
-1
-1
-1
-1
-1
-1
-1
-1
-1
-1
-1
-1
-1
728
-1
293
-1
464
-1
-1
413
-1
-1
614
-1
234
-1
925
895
-1
-1
-1
-1
730
-1
-1
-1
-1
614
-1
-1
-1
-1
-1
-1
-1
413
-1
363
-1
768
-1
-1
-1
140
-1
-1
-1
-1
-1
611
-1
-1
363
127
-1
-1
-1
-1
-1
-1
353
-1
-1
-1
-1
248
-1
-1
821
271
725
816
140
-1
-1
745
-1
406
-1
435
-1
-1
-1
-1
522
-1
485
745
-1
-1
-1
306
-1
-1
-1
-1
-1
445
974
140
-1
-1
-1
-1
-1
-1
-1
-1
816
-1
-1
-1
-1
-1
-1
-1
-1
665
-1
-1
-1
-1
-1
-1
-1
-1
-1
-1
-1
50
-1
-1
-1
-1
442
511
-1
-1
762
-1
-1
-1
299
375
547
-1
-1
956
325
-1
-1
680
-1
-1
766
-1
173
-1
-1
786
-1
916
766
-1
910
-1
-1
-1
-1
375
-1
-1
786
440
-1
809
-1
-1
-1
-1
916
197
-1
-1
-1
-1
-1
850
930
-1
422
-1
-1
885
-1
-1
-1
727
-1
480
-1
-1
899
-1
-1
850
935
-1
-1
-1
-1
-1
-1
-1
-1
-1
-1
-1
-1
-1
913
572
357
828
-1
-1
-1
-1
124
-1
-1
-1
-1
-1
-1
23
-1
727
899
424
796
-1
-1
-1
-1
-1
-1
476
988
-1
395
988
-1
-1
-1
-1
-1
-1
-1
984
-1
-1
-1
440
-1
-1
-1
-1
-1
-1
118
-1
-1
377
-1
377
-1
-1
-1
2
-1
-1
895
-1
-1
115
-1
-1
987
-1
845
-1
-1
-1
-1
-1
-1
-1
-1
918
476
-1
918
-1
914
865
-1
-1
-1
-1
-1
-1
89
949
-1
463
896
-1
-1
-1
-1
26
-1
983
-1
-1
845
-1
-1
665
-1
-1
611
-1
959
-1
-1
-1
-1
-1
-1
665
-1
387
628
-1
792
-1
-1
-1
-1
702
785
-1
516
-1
61
-1
-1
-1
-1
702
-1
-1
-1
-1
-1
701
-1
-1
-1
-1
992
747
-1
-1
-1
-1
662
891
95
-1
-1
-1
-1
-1
167
154
-1
-1
-1
-1
-1
-1
30
-1
859
-1
-1
-1
393
-1
-1
635
-1
-1
165
-1
287
-1
-1
-1
-1
-1
-1
-1
-1
-1
-1
-1
891
-1
-1
-1
593
-1
-1
-1
21
-1
-1
-1
-1
21
635
-1
834
-1
-1
548
920
-1
-1
-1
-1
-1
-1
-1
-1
346
15
138
809
269
-1
-1
180
172
-1
738
740
681
-1
-1
-1
-1
-1
-1
834
419
-1
575
-1
15
350
-1
479
-1
-1
-1
-1
-1
-1
-1
-1
-1
-1
-1
-1
622
-1
-1
-1
-1
-1
740
489
-1
-1
988
-1
922
-1
-1
-1
-1
-1
-1
578
-1
479
738
60
254
-1
-1
834
-1
-1
411
164
-1
872
-1
-1
-1
-1
-1
479
-1
-1
164
-1
-1
-1
956
967
-1
-1
269
-1
-1
-1
772
-1
-1
-1
-1
-1
-1
772
-1
-1
720
-1
-1
175
967
489
-1
363
-1
-1
913
423
-1
423
-1
-1
-1
423
-1
-1
-1
-1
-1
-1
855
-1
865
-1
-1
-1
-1
-1
-1
-1
317
-1
836
-1
-1
-1
865
-1
-1
-1
-1
-1
-1
476
-1
-1
-1
-1
-1
-1
-1
551
510
804
-1
917
875
539
698
717
-1
-1
329
419
-1
-1
-1
-1
-1
-1
925
156
694
-1
-1
865
996
389
156
-1
-1
-1
-1
-1
938
-1
-1
845
-1
-1
-1
-1
-1
419
-1
-1
-1
-1
-1
238
-1
957
-1
-1
-1
-1
-1
-1
-1
58
-1
958
694
-1
-1
542
-1
516
938
813
266
-1
-1
-1
-1
-1
-1
-1
302
-1
238
-1
-1
539
22
-1
701
455
998
-1
-1
-1
-1
-1
572
-1
-1
-1
-1
878
701
-1
-1
-1
-1
384
-1
22
454
-1
-1
-1
-1
-1
-1
-1
-1
-1
302
-1
-1
443
-1
384
653
-1
-1
-1
-1
-1
-1
25
-1
-1
-1
41
672
-1
-1
-1
-1
-1
841
-1
-1
-1
-1
675
757
381
-1
-1
429
-1
-1
-1
-1
443
-1
-1
-1
414
-1
695
428
-1
-1
532
172
-1
424
-1
-1
-1
668
384
-1
-1
-1
-1
-1
-1
-1
574
-1
-1
-1
-1
-1
667
714
-1
-1
-1
-1
525
-1
-1
831
293
-1
-1
-1
-1
-1
-1
635
-1
-1
-1
276
-1
8
347
-1
131
217
429
-1
-1
-1
447
229
-1
-1
-1
-1
-1
865
-1
-1
-1
384
-1
-1
-1
-1
-1
130
229
-1
-1
-1
505
-1
-1
37
667
-1
-1
-1
-1
-1
-1
-1
-1
-1
-1
-1
-1
754
-1
350
-1
-1
-1
775
-1
-1
-1
-1
907
-1
-1
-1
-1
-1
151
-1
-1
-1
621
717
-1
717
-1
-1
-1
-1
-1
-1
-1
-1
985
-1
-1
-1
-1
37
-1
350
754
-1
985
-1
51
-1
-1
-1
-1
307
-1
-1
621
835
-1
775
569
-1
-1
37
-1
125
968
-1
-1
-1
-1
-1
-1
-1
-1
-1
137
-1
-1
-1
-1
-1
-1
-1
-1
417
738
-1
-1
-1
297
500
-1
-1
-1
-1
651
753
-1
-1
232
232
-1
-1
-1
-1
-1
-1
-1
-1
-1
-1
-1
-1
-1
775
-1
-1
-1
-1
48
-1
-1
50
-1
621
-1
145
-1
-1
-1
500
-1
-1
731
-1
651
-1
-1
-1
-1
-1
855
249
-1
-1
-1
-1
-1
753
-1
-1
514
245
-1
816
430
-1
-1
-1
-1
663
-1
-1
354
-1
444
-1
-1
-1
440
-1
-1
-1
-1
-1
-1
816
-1
500
-1
-1
-1
-1
-1
-1
954
-1
-1
-1
-1
-1
588
-1
364
-1
-1
-1
-1
462
-1
-1
430
-1
599
9
-1
588
-1
-1
-1
-1
-1
-1
-1
713
404
-1
-1
-1
-1
-1
382
-1
481
-1
-1
-1
-1
286
-1
-1
-1
-1
-1
-1
136
164
-1
-1
-1
-1
-1
-1
829
439
846
113
698
-1
500
338
338
-1
-1
846
431
667
814
-1
382
856
-1
-1
-1
-1
-1
-1
598
113
-1
-1
-1
131
-1
-1
-1
556
-1
417
-1
-1
-1
190
-1
-1
499
-1
-1
-1
-1
476
-1
-1
-1
755
-1
255
417
431
560
-1
-1
-1
-1
982
674
982
-1
417
244
-1
91
-1
-1
26
592
-1
-1
-1
-1
-1
-1
258
508
-1
874
850
-1
478
-1
-1
91
-1
-1
-1
-1
-1
-1
-1
-1
244
167
-1
-1
-1
168
26
78
478
223
-1
-1
244
-1
-1
996
-1
66
476
-1
647
-1
-1
37
-1
369
542
-1
874
976
850
-1
-1
-1
-1
-1
-1
850
-1
-1
-1
-1
-1
157
810
-1
-1
66
-1
223
-1
-1
-1
369
505
-1
915
352
130
-1
-1
-1
-1
590
505
-1
720
-1
658
476
-1
-1
-1
357
230
-1
825
-1
421
-1
528
-1
256
69
-1
793
-1
-1
-1
-1
-1
-1
-1
-1
692
-1
-1
-1
437
528
-1
-1
-1
-1
658
-1
-1
720
352
-1
83
998
207
-1
-1
-1
776
-1
-1
-1
388
-1
-1
-1
-1
-1
-1
-1
-1
-1
-1
667
-1
-1
571
-1
-1
-1
-1
-1
421
-1
-1
-1
-1
-1
-1
-1
714
-1
-1
506
-1
568
-1
-1
-1
-1
-1
714
-1
327
-1
-1
-1
-1
-1
109
-1
877
-1
-1
-1
119
-1
-1
117
-1
-1
-1
-1
-1
593
776
571
-1
593
-1
-1
-1
-1
-1
-1
-1
-1
-1
302
327
-1
-1
122
-1
-1
-1
-1
-1
-1
610
-1
-1
645
-1
-1
-1
807
-1
-1
-1
-1
-1
-1
-1
462
-1
-1
-1
252
-1
645
-1
-1
-1
-1
-1
991
-1
-1
886
-1
-1
-1
5
379
-1
379
348
121
-1
936
-1
-1
639
514
-1
-1
-1
462
-1
-1
-1
690
-1
514
-1
-1
-1
935
-1
-1
-1
242
-1
718
861
192
-1
-1
242
953
-1
-1
-1
318
-1
464
717
-1
-1
-1
-1
-1
-1
-1
-1
-1
-1
349
-1
-1
-1
4
749
-1
861
-1
-1
-1
-1
11
-1
934
-1
589
-1
-1
-1
351
972
-1
-1
861
749
-1
-1
-1
-1
-1
-1
571
869
-1
130
-1
-1
68
104
-1
-1
-1
468
-1
-1
351
536
-1
704
162
419
407
-1
-1
-1
-1
861
-1
666
-1
536
844
387
-1
397
-1
10
724
-1
-1
-1
614
-1
143
301
-1
285
-1
-1
-1
-1
421
282
-1
-1
892
-1
-1
680
-1
155
539
-1
-1
-1
-1
-1
-1
-1
-1
-1
-1
-1
901
666
797
-1
68
401
-1
-1
-1
-1
-1
-1
-1
-1
-1
-1
-1
-1
47
-1
-1
-1
-1
-1
-1
-1
600
-1
-1
16
-1
16
-1
-1
297
600
-1
-1
-1
-1
634
343
-1
-1
640
-1
16
-1
96
-1
-1
96
96
726
600
-1
-1
-1
-1
-1
701
-1
-1
-1
239
-1
810
928
-1
-1
-1
-1
47
-1
-1
-1
-1
751
985
-1
-1
-1
-1
239
239
-1
-1
-1
47
-1
-1
928
600
589
-1
103
-1
-1
-1
-1
-1
-1
327
985
-1
-1
-1
-1
-1
-1
73
-1
-1
-1
-1
217
-1
-1
-1
-1
-1
720
-1
507
-1
11
-1
-1
451
-1
-1
327
-1
-1
327
-1
282
895
-1
-1
846
-1
-1
-1
-1
-1
-1
-1
-1
-1
34
137
-1
-1
-1
760
712
843
551
-1
-1
-1
-1
-1
-1
843
217
-1
-1
667
-1
-1
-1
451
-1
-1
-1
-1
-1
-1
-1
329
-1
217
-1
-1
-1
-1
-1
-1
-1
-1
775
-1
667
902
877
394
-1
-1
707
938
-1
-1
-1
-1
-1
-1
-1
-1
-1
-1
573
-1
254
193
-1
-1
954
-1
-1
-1
665
-1
-1
-1
-1
-1
885
-1
523
-1
21
-1
-1
248
-1
-1
-1
-1
-1
-1
328
182
56
-1
-1
394
-1
728
-1
-1
-1
877
573
-1
254
-1
-1
710
-1
-1
-1
248
160
-1
915
-1
-1
624
-1
394
-1
-1
-1
665
-1
-1
-1
-1
-1
-1
-1
237
-1
212
-1
-1
-1
403
-1
-1
-1
-1
-1
-1
-1
-1
923
-1
45
248
64
-1
-1
-1
-1
731
-1
157
-1
-1
693
125
629
-1
-1
-1
-1
-1
-1
579
629
-1
323
-1
-1
-1
-1
-1
260
-1
-1
431
471
64
-1
-1
160
-1
-1
-1
-1
-1
-1
-1
-1
-1
-1
-1
838
-1
-1
-1
125
125
-1
-1
-1
-1
598
629
-1
-1
194
-1
127
-1
-1
-1
-1
598
-1
-1
-1
-1
-1
190
-1
-1
-1
861
-1
132
-1
-1
-1
-1
-1
-1
809
-1
-1
-1
-1
-1
893
-1
-1
206
602
-1
-1
-1
-1
2
-1
-1
766
-1
-1
-1
262
-1
-1
-1
335
-1
-1
-1
-1
-1
-1
-1
-1
-1
-1
841
385
876
-1
470
-1
-1
-1
-1
581
-1
-1
-1
-1
-1
-1
731
-1
-1
-1
544
544
943
-1
-1
580
-1
-1
21
436
-1
-1
-1
315
-1
-1
-1
679
655
-1
580
623
-1
-1
222
-1
-1
-1
-1
-1
387
-1
258
717
-1
84
-1
928
-1
-1
21
-1
247
932
206
37
121
-1
-1
-1
-1
194
-1
247
307
-1
-1
-1
-1
623
306
-1
932
-1
583
-1
258
-1
-1
997
-1
-1
-1
678
-1
951
20
-1
312
-1
312
-1
-1
-1
-1
-1
-1
-1
-1
-1
-1
-1
-1
443
-1
628
-1
-1
-1
-1
312
281
-1
229
-1
137
-1
513
-1
-1
-1
-1
-1
-1
594
813
932
-1
939
20
-1
-1
-1
-1
-1
-1
-1
-1
-1
-1
158
591
911
-1
-1
-1
-1
-1
312
-1
352
-1
-1
-1
230
-1
-1
-1
312
729
-1
507
312
513
66
-1
-1
-1
-1
-1
-1
523
-1
230
-1
-1
161
-1
739
-1
158
-1
274
-1
-1
-1
-1
-1
-1
594
-1
-1
124
925
-1
-1
371
274
-1
-1
-1
-1
-1
-1
-1
-1
-1
-1
901
-1
-1
371
-1
-1
390
-1
-1
-1
792
-1
-1
-1
-1
-1
811
-1
-1
-1
-1
-1
-1
-1
-1
-1
-1
-1
436
-1
-1
-1
-1
-1
739
945
-1
309
-1
-1
945
-1
879
-1
-1
-1
623
849
-1
-1
-1
-1
-1
-1
-1
436
-1
973
-1
-1
623
-1
-1
-1
-1
-1
-1
-1
-1
-1
-1
-1
-1
-1
-1
-1
-1
-1
-1
-1
289
846
-1
-1
-1
-1
-1
-1
2
110
-1
-1
849
447
834
-1
544
-1
396
-1
-1
973
-1
812
-1
-1
-1
852
-1
586
-1
-1
-1
-1
-1
686
-1
165
84
-1
-1
868
-1
-1
-1
-1
-1
-1
221
-1
125
558
-1
788
500
146
-1
-1
382
770
-1
861
-1
-1
849
-1
-1
669
-1
-1
-1
-1
-1
48
-1
-1
-1
-1
380
-1
-1
139
-1
686
-1
296
-1
-1
139
-1
213
-1
-1
-1
300
-1
-1
-1
-1
-1
84
946
-1
-1
-1
-1
-1
824
-1
583
-1
877
-1
100
-1
84
232
983
775
-1
-1
-1
911
-1
-1
-1
-1
-1
232
-1
-1
966
-1
-1
-1
53
419
91
95
-1
91
496
-1
-1
-1
-1
84
-1
726
-1
585
-1
-1
-1
444
-1
-1
-1
-1
233
-1
-1
-1
-1
643
-1
840
-1
-1
-1
648
-1
-1
946
-1
-1
-1
-1
-1
877
568
-1
543
477
-1
30
-1
648
-1
-1
12
-1
91
-1
-1
-1
-1
-1
78
-1
-1
-1
815
726
-1
-1
150
-1
-1
-1
-1
263
-1
-1
-1
-1
-1
-1
-1
-1
793
239
-1
-1
726
-1
-1
194
-1
856
-1
770
726
-1
-1
-1
702
707
-1
-1
513
-1
157
-1
-1
707
390
12
-1
-1
-1
532
-1
-1
-1
919
-1
-1
793
-1
-1
261
-1
98
-1
-1
-1
-1
474
-1
194
-1
938
-1
759
157
-1
772
770
261
-1
-1
-1
-1
-1
-1
-1
-1
-1
-1
20
-1
-1
-1
817
817
-1
-1
-1
-1
-1
-1
-1
-1
759
938
-1
-1
552
811
98
-1
422
-1
-1
-1
987
-1
-1
-1
-1
-1
-1
-1
-1
2
465
417
-1
-1
-1
-1
-1
-1
98
684
-1
-1
399
881
-1
-1
-1
-1
-1
-1
684
-1
-1
-1
-1
235
-1
417
-1
-1
-1
-1
-1
-1
601
-1
-1
-1
364
785
-1
-1
250
-1
-1
-1
-1
831
-1
-1
-1
-1
-1
-1
-1
563
-1
-1
-1
-1
417
593
-1
-1
-1
914
-1
-1
-1
-1
-1
-1
543
398
-1
-1
-1
79
543
598
-1
-1
-1
-1
-1
-1
299
-1
-1
367
984
-1
-1
-1
-1
-1
-1
-1
398
-1
-1
-1
-1
-1
-1
-1
-1
79
62
845
-1
-1
-1
-1
917
431
-1
-1
-1
-1
-1
235
-1
235
-1
-1
-1
-1
-1
356
-1
19
-1
-1
428
-1
-1
422
-1
-1
-1
-1
-1
-1
-1
-1
-1
-1
-1
-1
-1
-1
660
52
231
513
-1
221
742
-1
-1
-1
-1
570
-1
-1
428
581
-1
-1
-1
215
-1
-1
242
844
-1
-1
581
968
-1
-1
221
-1
-1
227
-1
-1
-1
567
-1
-1
-1
-1
-1
-1
-1
735
-1
-1
-1
-1
-1
-1
-1
-1
-1
-1
755
-1
-1
-1
242
-1
780
-1
-1
242
-1
-1
652
-1
-1
343
780
-1
972
513
-1
-1
227
-1
-1
-1
-1
739
-1
568
-1
-1
456
165
-1
-1
-1
-1
353
-1
-1
-1
-1
-1
983
-1
-1
-1
-1
-1
-1
-1
-1
739
766
-1
-1
-1
-1
-1
-1
982
-1
-1
-1
-1
190
-1
-1
982
-1
-1
-1
13
-1
251
-1
57
-1
-1
181
-1
-1
-1
-1
-1
-1
534
-1
-1
411
-1
218
-1
-1
-1
271
-1
878
-1
-1
-1
420
-1
451
-1
-1
-1
-1
-1
271
-1
-1
-1
534
-1
974
606
-1
-1
534
-1
534
-1
-1
-1
-1
-1
-1
-1
706
-1
-1
-1
431
-1
-1
301
-1
-1
-1
938
-1
-1
-1
-1
740
-1
-1
104
-1
-1
-1
-1
-1
-1
-1
376
-1
-1
-1
-1
-1
-1
606
-1
-1
-1
731
282
-1
-1
703
-1
-1
-1
-1
-1
-1
-1
49
-1
-1
-1
-1
-1
-1
-1
-1
-1
282
-1
-1
910
94
-1
-1
-1
-1
923
-1
-1
-1
-1
-1
-1
806
94
476
936
537
73
-1
-1
-1
-1
-1
87
-1
569
302
-1
-1
-1
-1
960
436
-1
-1
-1
910
-1
-1
926
-1
103
-1
-1
-1
436
554
-1
-1
476
-1
256
-1
-1
667
806
-1
569
-1
-1
-1
94
923
-1
-1
-1
978
842
316
391
-1
-1
910
-1
-1
-1
-1
-1
-1
-1
569
-1
-1
342
-1
-1
995
133
-1
-1
-1
-1
-1
-1
910
-1
-1
910
998
-1
-1
-1
-1
569
-1
-1
277
-1
-1
210
-1
-1
49
-1
-1
-1
-1
-1
-1
-1
-1
-1
-1
-1
158
911
-1
465
643
-1
234
-1
-1
-1
-1
-1
8
-1
-1
-1
-1
-1
-1
359
-1
212
394
-1
-1
-1
226
-1
-1
210
-1
-1
-1
627
-1
359
-1
198
-1
-1
608
677
-1
865
501
-1
-1
-1
195
501
98
-1
-1
609
-1
338
-1
-1
-1
198
-1
-1
609
-1
-1
-1
7
-1
596
-1
-1
-1
-1
-1
957
-1
526
581
92
-1
-1
-1
522
-1
-1
320
-1
-1
-1
-1
320
-1
467
-1
-1
-1
596
-1
577
957
-1
-1
338
-1
185
14
-1
-1
338
-1
45
-1
-1
-1
206
195
979
-1
-1
-1
-1
-1
-1
7
-1
-1
631
-1
-1
742
-1
864
-1
587
581
-1
-1
-1
338
-1
-1
300
-1
-1
-1
986
543
454
240
-1
-1
-1
-1
587
-1
-1
-1
-1
-1
-1
-1
-1
75
-1
-1
-1
-1
-1
366
592
-1
-1
-1
-1
-1
300
-1
-1
-1
-1
-1
-1
-1
234
-1
-1
-1
-1
-1
437
-1
-1
-1
-1
156
279
-1
-1
-1
-1
-1
-1
-1
-1
383
-1
-1
-1
234
-1
264
-1
-1
-1
-1
-1
-1
-1
-1
-1
75
-1
525
-1
-1
-1
874
-1
264
-1
-1
-1
606
-1
-1
-1
-1
-1
-1
-1
-1
10
-1
-1
546
-1
681
3
-1
-1
981
-1
-1
-1
626
-1
-1
-1
871
383
-1
-1
-1
-1
-1
-1
-1
-1
-1
10
-1
505
-1
-1
-1
-1
-1
-1
-1
-1
456
460
871
643
-1
-1
-1
310
-1
-1
-1
-1
-1
-1
-1
-1
-1
-1
-1
-1
629
-1
927
871
850
383
-1
-1
769
-1
-1
-1
505
-1
162
-1
619
-1
-1
-1
-1
-1
-1
643
-1
-1
-1
-1
-1
220
-1
-1
600
-1
-1
209
-1
-1
-1
244
-1
571
-1
-1
-1
-1
-1
152
-1
-1
-1
-1
252
359
-1
850
978
929
-1
-1
-1
-1
-1
-1
-1
-1
-1
-1
-1
-1
-1
-1
841
-1
-1
464
-1
-1
-1
321
779
-1
-1
279
-1
573
-1
-1
-1
-1
-1
-1
-1
-1
-1
-1
779
359
-1
-1
-1
-1
-1
705
-1
131
590
-1
-1
417
-1
-1
-1
508
-1
-1
779
-1
197
307
143
-1
-1
-1
842
-1
-1
811
-1
-1
-1
-1
-1
-1
-1
84
-1
-1
349
-1
-1
-1
-1
-1
508
-1
913
-1
-1
-1
218
-1
-1
-1
-1
-1
454
-1
-1
-1
404
-1
-1
404
-1
547
-1
-1
996
-1
454
-1
710
-1
-1
-1
-1
865
-1
-1
-1
-1
-1
-1
-1
-1
302
-1
-1
852
-1
-1
-1
809
-1
729
-1
-1
-1
-1
77
-1
871
275
-1
-1
701
-1
506
-1
-1
210
-1
-1
-1
-1
-1
-1
-1
-1
-1
180
-1
-1
-1
-1
355
-1
534
-1
-1
-1
-1
-1
408
-1
-1
-1
-1
-1
2
666
108
206
-1
-1
-1
-1
-1
-1
-1
472
362
-1
-1
-1
362
-1
-1
-1
-1
666
-1
-1
726
-1
-1
-1
-1
-1
-1
330
-1
-1
-1
-1
-1
-1
-1
504
-1
186
-1
408
-1
735
-1
-1
108
-1
494
544
544
-1
590
-1
590
63
-1
-1
-1
-1
-1
-1
606
-1
-1
-1
-1
-1
-1
-1
-1
-1
277
-1
-1
-1
87
-1
-1
-1
-1
-1
-1
-1
-1
-1
605
-1
-1
250
186
108
-1
-1
-1
93
-1
194
156
-1
-1
-1
-1
97
-1
968
-1
186
-1
-1
400
-1
-1
-1
-1
-1
-1
-1
-1
-1
-1
87
-1
-1
-1
-1
-1
-1
-1
-1
-1
186
-1
383
-1
-1
968
-1
-1
765
-1
-1
239
408
-1
-1
-1
-1
82
458
54
-1
-1
93
-1
-1
426
-1
-1
-1
-1
-1
87
-1
888
-1
-1
-1
-1
-1
-1
-1
277
-1
-1
426
-1
-1
-1
623
-1
-1
-1
-1
-1
-1
383
-1
750
-1
-1
94
54
-1
-1
-1
279
-1
-1
381
-1
-1
-1
-1
-1
623
-1
290
-1
290
-1
-1
458
426
-1
443
-1
-1
381
-1
-1
351
-1
-1
-1
887
-1
-1
433
-1
-1
-1
-1
-1
583
-1
-1
-1
511
-1
750
-1
115
-1
-1
-1
-1
-1
-1
-1
-1
-1
-1
-1
-1
-1
-1
-1
115
-1
-1
885
368
-1
-1
954
635
-1
-1
-1
82
831
472
-1
195
-1
-1
-1
-1
-1
-1
-1
-1
-1
-1
-1
100
-1
-1
-1
457
-1
954
747
-1
-1
855
-1
-1
-1
426
-1
744
-1
752
168
-1
-1
-1
-1
190
920
732
-1
697
-1
-1
-1
-1
457
-1
-1
682
-1
-1
-1
-1
-1
-1
-1
-1
-1
-1
958
-1
305
-1
-1
-1
-1
-1
-1
-1
-1
136
-1
-1
-1
-1
-1
-1
-1
629
-1
10
-1
682
5
-1
504
654
-1
544
-1
-1
837
104
933
-1
-1
-1
-1
-1
-1
-1
459
84
975
-1
647
-1
-1
-1
-1
-1
84
-1
-1
-1
-1
419
-1
-1
108
-1
-1
-1
-1
-1
-1
-1
108
-1
450
-1
-1
-1
-1
-1
-1
-1
-1
483
143
746
123
-1
38
-1
-1
-1
-1
-1
-1
-1
-1
244
-1
-1
-1
-1
-1
284
-1
-1
203
-1
-1
-1
-1
450
478
264
-1
-1
-1
-1
123
827
664
904
-1
-1
-1
961
777
-1
907
-1
-1
426
-1
909
-1
-1
48
-1
749
746
-1
-1
777
240
-1
-1
-1
-1
-1
-1
-1
-1
-1
-1
-1
-1
-1
478
-1
-1
-1
620
-1
-1
961
-1
636
426
-1
-1
741
-1
-1
-1
-1
673
-1
-1
-1
-1
130
943
-1
-1
-1
-1
-1
311
99
-1
-1
-1
-1
-1
-1
-1
795
-1
-1
-1
214
-1
105
-1
-1
-1
-1
-1
-1
-1
653
-1
506
-1
506
-1
254
-1
717
-1
954
313
135
-1
99
-1
-1
-1
-1
-1
-1
230
-1
-1
-1
-1
-1
374
-1
-1
254
-1
717
616
-1
-1
903
139
311
-1
-1
-1
-1
-1
-1
-1
926
681
-1
-1
832
-1
-1
-1
230
139
-1
-1
636
-1
-1
-1
616
-1
408
-1
-1
608
135
-1
99
806
-1
-1
-1
-1
-1
126
-1
-1
926
-1
539
883
903
-1
-1
-1
-1
-1
789
135
-1
-1
-1
-1
425
-1
-1
-1
-1
-1
857
-1
-1
408
-1
-1
-1
-1
-1
-1
-1
577
-1
-1
-1
-1
-1
807
-1
-1
-1
-1
-1
-1
-1
-1
-1
-1
817
225
-1
-1
627
67
-1
-1
-1
-1
935
-1
-1
-1
-1
-1
-1
-1
-1
-1
-1
337
-1
889
-1
-1
274
-1
-1
-1
410
-1
-1
471
-1
-1
-1
-1
-1
554
-1
-1
622
-1
238
171
-1
919
-1
208
-1
41
-1
-1
-1
-1
647
886
935
-1
254
-1
471
-1
-1
-1
46
-1
-1
-1
-1
984
-1
-1
857
-1
800
-1
-1
-1
-1
-1
-1
-1
-1
-1
982
-1
-1
-1
-1
205
-1
-1
410
-1
-1
123
1000
-1
-1
-1
-1
1000
-1
-1
-1
-1
-1
-1
723
-1
450
-1
857
-1
435
871
632
769
-1
871
-1
-1
619
537
-1
-1
619
-1
-1
-1
-1
-1
-1
624
-1
-1
-1
-1
-1
-1
-1
114
-1
-1
-1
-1
-1
-1
-1
-1
-1
-1
-1
-1
974
-1
-1
-1
-1
348
-1
-1
807
-1
-1
-1
-1
-1
-1
-1
-1
-1
450
871
-1
-1
17
-1
770
-1
-1
24
624
-1
-1
-1
-1
-1
201
871
-1
-1
488
769
-1
-1
537
-1
-1
-1
450
-1
-1
688
800
-1
-1
-1
-1
-1
338
-1
-1
216
-1
114
237
-1
-1
-1
-1
676
-1
-1
-1
-1
-1
-1
-1
998
552
-1
-1
-1
-1
862
749
-1
24
-1
-1
-1
-1
423
-1
192
-1
-1
24
-1
-1
568
-1
-1
-1
688
-1
-1
27
-1
28
-1
-1
-1
-1
-1
575
-1
-1
-1
-1
-1
516
-1
385
-1
-1
-1
-1
552
-1
-1
-1
853
-1
-1
-1
-1
-1
-1
-1
-1
921
-1
397
-1
59
-1
-1
-1
578
82
-1
-1
-1
906
534
-1
-1
885
-1
-1
-1
-1
-1
862
-1
862
-1
-1
-1
-1
-1
-1
259
-1
-1
871
589
289
-1
-1
-1
-1
-1
-1
-1
-1
-1
458
-1
-1
-1
351
578
-1
123
-1
-1
-1
-1
-1
-1
-1
-1
227
-1
534
-1
-1
-1
989
-1
601
106
-1
453
-1
459
-1
-1
-1
-1
-1
-1
-1
-1
-1
-1
-1
289
-1
-1
150
-1
-1
185
-1
47
-1
-1
-1
834
108
-1
834
-1
-1
-1
-1
595
-1
64
-1
-1
194
610
-1
-1
-1
-1
-1
64
-1
-1
-1
-1
507
-1
-1
-1
-1
543
-1
-1
-1
-1
-1
-1
-1
-1
-1
52
-1
-1
988
-1
154
-1
-1
-1
-1
-1
3
-1
3
457
-1
-1
-1
-1
988
-1
-1
845
988
328
-1
-1
366
-1
-1
992
-1
-1
337
739
-1
29
-1
-1
-1
-1
-1
-1
-1
-1
-1
-1
366
29
-1
25
101
-1
-1
-1
-1
106
101
-1
-1
139
-1
-1
-1
-1
231
-1
478
739
137
-1
-1
-1
856
-1
-1
-1
830
-1
-1
-1
738
-1
-1
-1
-1
-1
-1
-1
-1
176
231
-1
-1
-1
-1
-1
-1
-1
-1
-1
-1
-1
-1
-1
484
-1
-1
748
-1
-1
-1
-1
-1
231
-1
-1
280
-1
334
-1
-1
-1
-1
-1
-1
-1
-1
-1
-1
904
-1
-1
854
-1
565
-1
-1
600
622
373
31
-1
-1
-1
34
-1
21
-1
508
-1
-1
-1
-1
-1
373
-1
-1
508
246
-1
-1
-1
-1
-1
-1
-1
-1
-1
880
254
-1
907
-1
-1
-1
-1
-1
790
-1
-1
-1
948
-1
-1
-1
-1
-1
-1
-1
-1
-1
79
604
-1
-1
-1
373
-1
-1
197
-1
-1
298
-1
-1
374
-1
-1
198
-1
246
-1
963
-1
-1
666
-1
-1
-1
-1
198
-1
-1
763
-1
-1
-1
-1
181
-1
-1
79
897
966
-1
-1
-1
-1
558
181
129
-1
-1
-1
-1
916
-1
-1
827
472
-1
-1
511
379
-1
-1
-1
246
-1
-1
-1
834
108
541
322
-1
-1
-1
170
-1
885
142
-1
847
462
416
598
-1
-1
-1
-1
-1
-1
-1
923
-1
-1
680
-1
-1
-1
382
-1
476
322
-1
-1
-1
-1
-1
-1
-1
680
943
-1
-1
-1
-1
-1
-1
-1
199
922
-1
313
608
-1
-1
-1
122
617
-1
462
-1
-1
-1
901
-1
31
-1
-1
900
-1
-1
-1
-1
-1
-1
475
-1
-1
-1
-1
-1
900
-1
-1
141
-1
-1
778
-1
-1
-1
-1
565
97
-1
-1
371
-1
-1
420
-1
-1
728
-1
125
-1
-1
371
-1
332
-1
716
-1
-1
-1
-1
-1
959
-1
-1
694
-1
-1
870
637
870
481
-1
153
-1
656
-1
-1
911
224
-1
-1
-1
-1
-1
-1
-1
-1
-1
-1
493
-1
174
690
-1
-1
380
-1
633
759
-1
-1
870
-1
-1
-1
174
656
-1
-1
-1
-1
-1
-1
868
-1
-1
-1
-1
174
763
-1
-1
-1
-1
-1
434
291
-1
-1
-1
886
-1
384
-1
434
-1
-1
-1
538
-1
-1
-1
-1
655
621
291
-1
-1
377
-1
-1
-1
-1
-1
655
796
-1
-1
-1
384
-1
174
-1
868
-1
-1
906
-1
-1
-1
61
6
-1
-1
-1
-1
-1
-1
-1
-1
-1
384
-1
-1
435
-1
-1
-1
448
-1
946
-1
-1
377
-1
-1
-1
-1
-1
-1
-1
-1
-1
655
-1
-1
195
621
-1
-1
-1
959
-1
492
-1
24
-1
-1
-1
-1
-1
290
-1
195
-1
79
748
247
-1
62
-1
-1
-1
-1
-1
-1
-1
489
-1
-1
-1
-1
-1
-1
-1
-1
-1
-1
-1
-1
-1
-1
-1
-1
534
-1
-1
-1
-1
-1
-1
62
-1
-1
-1
-1
-1
399
-1
24
-1
-1
-1
344
-1
224
-1
-1
-1
-1
-1
79
-1
550
-1
-1
955
-1
-1
410
347
-1
866
777
-1
-1
344
-1
-1
-1
-1
-1
166
-1
-1
-1
166
-1
410
-1
-1
78
947
527
-1
278
335
100
-1
-1
-1
-1
-1
91
-1
23
-1
339
278
610
-1
-1
-1
-1
-1
14
-1
-1
-1
-1
-1
-1
-1
-1
-1
672
-1
-1
-1
-1
-1
-1
-1
-1
-1
-1
-1
-1
-1
-1
-1
-1
-1
-1
-1
788
-1
567
-1
-1
360
861
-1
-1
-1
104
-1
211
-1
-1
-1
-1
-1
-1
14
-1
-1
929
-1
80
959
-1
-1
916
-1
76
420
949
-1
-1
-1
-1
-1
356
-1
-1
-1
-1
-1
-1
-1
-1
-1
-1
-1
188
-1
165
-1
476
-1
884
420
788
-1
-1
-1
-1
-1
-1
-1
-1
697
788
691
-1
822
991
916
972
822
972
-1
-1
130
-1
-1
-1
-1
-1
-1
-1
873
-1
-1
874
-1
-1
-1
-1
-1
188
246
947
-1
-1
465
-1
165
-1
-1
165
-1
-1
623
580
-1
-1
575
411
-1
720
-1
-1
-1
-1
-1
-1
-1
411
-1
-1
-1
-1
-1
-1
-1
20
-1
-1
-1
-1
-1
-1
-1
311
-1
-1
355
102
-1
-1
-1
630
-1
-1
465
-1
111
-1
343
623
-1
-1
-1
454
383
720
-1
-1
-1
-1
-1
-1
-1
278
-1
-1
-1
-1
465
-1
448
-1
-1
998
-1
-1
418
394
-1
-1
-1
193
-1
280
-1
-1
-1
-1
20
-1
346
-1
-1
-1
-1
-1
346
-1
278
448
343
-1
-1
-1
380
-1
-1
462
922
-1
193
-1
514
-1
-1
-1
-1
343
-1
193
-1
-1
-1
-1
448
-1
179
998
-1
-1
-1
-1
-1
-1
-1
-1
-1
-1
-1
-1
926
826
-1
-1
-1
-1
-1
-1
-1
-1
-1
-1
731
-1
-1
-1
-1
-1
-1
-1
193
-1
-1
916
450
-1
-1
-1
-1
240
277
-1
-1
-1
333
-1
694
759
538
-1
-1
-1
-1
-1
-1
-1
-1
704
-1
-1
-1
-1
-1
-1
-1
-1
-1
801
-1
49
-1
-1
-1
-1
-1
-1
-1
-1
450
-1
-1
916
-1
-1
455
-1
-1
975
-1
-1
-1
-1
715
-1
-1
-1
-1
335
-1
-1
-1
-1
-1
-1
-1
55
-1
-1
501
975
84
975
84
335
-1
-1
-1
-1
438
-1
361
-1
-1
-1
476
-1
-1
131
-1
-1
438
664
-1
550
-1
-1
-1
-1
-1
-1
-1
-1
-1
-1
-1
537
-1
143
935
-1
-1
116
-1
-1
18
-1
-1
-1
-1
-1
780
755
-1
-1
-1
-1
-1
278
120
-1
57
-1
583
-1
222
-1
57
-1
-1
-1
365
-1
-1
-1
-1
-1
7
-1
-1
454
-1
534
-1
470
-1
-1
292
-1
-1
889
37
-1
240
-1
-1
-1
-1
-1
-1
-1
174
-1
-1
-1
145
-1
-1
-1
-1
-1
-1
-1
-1
-1
-1
-1
519
529
-1
292
-1
-1
-1
-1
-1
-1
-1
246
-1
-1
923
-1
620
-1
-1
171
-1
-1
626
513
24
-1
-1
-1
-1
-1
-1
-1
-1
-1
282
-1
-1
163
-1
-1
-1
-1
-1
-1
-1
-1
-1
446
-1
529
-1
212
174
401
528
-1
-1
-1
-1
-1
-1
-1
-1
-1
-1
-1
-1
948
-1
-1
363
-1
-1
-1
174
-1
-1
-1
417
-1
-1
328
-1
-1
-1
-1
401
-1
-1
-1
895
-1
-1
-1
-1
-1
212
-1
-1
-1
-1
-1
-1
15
-1
-1
-1
-1
944
-1
-1
-1
-1
469
417
122
-1
-1
763
-1
-1
-1
-1
-1
363
-1
-1
-1
-1
127
-1
-1
-1
-1
-1
413
734
280
-1
-1
-1
328
-1
-1
-1
-1
-1
669
-1
-1
842
-1
-1
-1
-1
-1
156
-1
-1
311
311
328
413
-1
-1
-1
-1
121
-1
642
136
-1
-1
-1
-1
-1
-1
-1
-1
741
786
-1
666
-1
-1
151
-1
391
-1
-1
-1
-1
494
154
-1
6
728
-1
-1
-1
734
-1
-1
836
-1
-1
-1
-1
-1
-1
564
836
-1
-1
735
249
-1
-1
-1
-1
-1
562
-1
651
293
-1
523
-1
-1
-1
-1
-1
-1
-1
-1
-1
-1
-1
-1
-1
862
-1
-1
-1
-1
-1
-1
742
-1
-1
603
-1
564
641
-1
-1
110
603
-1
-1
151
-1
852
-1
-1
-1
-1
-1
-1
585
-1
-1
-1
-1
-1
492
-1
-1
-1
309
-1
-1
-1
-1
-1
-1
-1
-1
687
-1
-1
-1
-1
603
869
-1
869
129
714
-1
857
-1
-1
-1
-1
-1
63
-1
489
-1
-1
-1
-1
232
834
-1
838
-1
-1
292
-1
-1
739
-1
-1
-1
-1
-1
-1
330
330
-1
-1
127
-1
-1
789
-1
-1
-1
-1
-1
-1
-1
-1
-1
-1
-1
-1
-1
-1
-1
-1
-1
769
789
145
316
-1
-1
-1
-1
954
-1
63
-1
-1
844
-1
857
-1
857
-1
330
-1
-1
-1
-1
-1
-1
-1
-1
-1
897
-1
138
-1
-1
-1
769
-1
-1
-1
-1
799
-1
597
613
-1
-1
857
839
-1
-1
-1
216
-1
-1
-1
-1
-1
-1
-1
844
631
-1
-1
-1
574
-1
-1
-1
-1
-1
-1
-1
429
-1
799
-1
81
338
-1
-1
-1
136
-1
-1
-1
-1
-1
-1
-1
-1
-1
-1
613
719
-1
441
-1
-1
-1
982
441
-1
-1
121
1
-1
-1
-1
-1
-1
676
-1
-1
-1
-1
590
-1
-1
46
46
124
960
-1
-1
-1
-1
-1
-1
-1
-1
103
-1
-1
280
-1
-1
168
826
-1
171
630
-1
-1
-1
670
114
-1
-1
-1
399
-1
-1
763
146
102
102
590
280
-1
-1
-1
-1
-1
-1
-1
-1
-1
168
-1
-1
929
-1
-1
574
506
582
114
168
-1
-1
-1
-1
-1
-1
-1
-1
-1
-1
-1
-1
-1
-1
-1
-1
-1
763
-1
861
662
-1
-1
-1
-1
-1
-1
-1
-1
485
-1
-1
-1
-1
-1
649
-1
909
-1
-1
-1
-1
-1
186
-1
-1
-1
-1
-1
597
-1
-1
-1
-1
964
-1
-1
-1
-1
-1
-1
-1
-1
-1
-1
-1
-1
508
-1
-1
-1
-1
-1
-1
-1
359
506
928
917
-1
-1
107
-1
-1
-1
-1
620
649
-1
866
-1
-1
-1
-1
-1
-1
-1
-1
-1
-1
670
-1
-1
-1
-1
-1
-1
-1
-1
-1
-1
-1
506
676
-1
-1
-1
-1
-1
930
-1
-1
-1
-1
-1
-1
722
-1
-1
-1
-1
-1
722
-1
-1
-1
-1
-1
713
57
-1
-1
-1
-1
-1
-1
-1
390
-1
57
859
-1
501
670
-1
-1
-1
-1
-1
-1
-1
-1
189
-1
181
340
-1
930
-1
446
-1
923
-1
-1
194
-1
-1
941
-1
313
-1
-1
-1
-1
-1
-1
-1
-1
434
-1
617
-1
-1
-1
-1
-1
183
-1
-1
177
177
296
-1
-1
-1
729
-1
624
-1
-1
-1
-1
971
322
-1
-1
-1
-1
-1
-1
-1
-1
-1
-1
794
694
-1
358
-1
684
-1
-1
586
669
-1
-1
425
-1
225
-1
314
358
-1
-1
-1
-1
-1
-1
-1
-1
-1
87
694
-1
425
-1
-1
-1
-1
-1
-1
713
-1
-1
-1
-1
-1
-1
-1
926
479
-1
-1
-1
-1
-1
-1
-1
285
184
581
-1
-1
15
-1
-1
-1
474
-1
320
298
-1
-1
-1
-1
-1
-1
-1
271
37
484
-1
-1
-1
-1
-1
544
-1
989
284
-1
-1
-1
-1
-1
-1
-1
51
-1
-1
-1
-1
-1
-1
-1
-1
-1
588
-1
-1
-1
403
-1
298
-1
33
-1
781
-1
-1
306
-1
285
-1
-1
-1
-1
191
-1
-1
-1
623
331
-1
-1
588
-1
-1
351
985
-1
729
-1
-1
-1
481
27
-1
-1
-1
887
-1
781
-1
-1
-1
-1
394
-1
11
-1
288
-1
-1
-1
-1
-1
-1
992
887
-1
-1
139
-1
-1
-1
-1
327
-1
561
-1
346
-1
-1
-1
139
-1
-1
-1
-1
-1
-1
-1
-1
19
-1
-1
561
-1
832
-1
-1
931
-1
197
-1
-1
561
-1
898
628
-1
-1
-1
-1
-1
63
487
869
-1
-1
-1
883
-1
-1
-1
152
-1
-1
286
-1
-1
263
-1
-1
705
-1
900
-1
-1
17
-1
-1
869
-1
-1
-1
-1
561
63
-1
-1
-1
-1
672
-1
-1
900
381
422
603
422
-1
701
-1
368
-1
-1
-1
-1
-1
-1
566
335
-1
-1
603
-1
-1
623
-1
-1
-1
530
-1
216
-1
-1
554
-1
-1
-1
-1
991
-1
-1
479
-1
488
-1
-1
591
903
-1
903
-1
-1
-1
-1
82
-1
-1
82
-1
-1
730
880
-1
-1
-1
850
357
216
-1
923
-1
-1
-1
725
-1
-1
-1
-1
-1
-1
-1
-1
-1
-1
81
-1
-1
232
764
320
-1
-1
-1
960
-1
-1
-1
-1
-1
-1
-1
424
-1
-1
-1
-1
532
-1
-1
-1
-1
495
-1
228
-1
-1
-1
746
-1
-1
-1
-1
-1
-1
-1
928
-1
-1
-1
401
532
928
-1
-1
-1
-1
826
365
-1
165
-1
989
-1
405
-1
928
-1
-1
-1
-1
399
-1
-1
597
705
-1
744
-1
-1
-1
12
-1
999
-1
-1
-1
-1
187
998
234
-1
187
826
-1
-1
-1
-1
-1
985
-1
-1
-1
709
928
-1
-1
-1
234
173
-1
-1
-1
-1
-1
-1
-1
-1
-1
-1
-1
-1
-1
-1
507
173
-1
-1
204
21
449
-1
-1
-1
-1
719
522
648
223
-1
-1
-1
-1
-1
-1
779
125
-1
840
-1
-1
-1
-1
-1
335
335
-1
-1
508
234
-1
187
719
-1
-1
-1
-1
-1
-1
-1
-1
-1
-1
-1
-1
-1
-1
-1
-1
391
-1
500
-1
-1
-1
-1
-1
-1
-1
648
-1
-1
-1
459
-1
313
-1
-1
-1
-1
-1
749
-1
223
-1
522
-1
56
-1
313
-1
-1
605
787
-1
-1
475
-1
549
-1
-1
-1
-1
668
-1
879
-1
-1
-1
-1
-1
-1
-1
-1
292
-1
-1
787
-1
-1
-1
-1
654
-1
761
462
-1
-1
-1
-1
951
-1
879
-1
605
-1
-1
-1
-1
-1
483
-1
666
-1
-1
-1
64
-1
613
-1
679
-1
659
-1
248
56
483
-1
-1
-1
-1
-1
504
845
-1
-1
355
-1
-1
-1
-1
-1
-1
-1
-1
551
654
-1
-1
674
-1
605
-1
-1
876
-1
659
654
845
-1
157
-1
-1
247
174
-1
-1
-1
-1
-1
-1
-1
-1
-1
-1
-1
-1
-1
-1
-1
870
-1
-1
517
-1
520
696
-1
-1
-1
-1
-1
-1
-1
429
-1
-1
-1
-1
-1
288
-1
-1
174
-1
673
-1
-1
211
-1
-1
-1
-1
-1
659
-1
13
-1
888
351
-1
673
37
-1
247
891
-1
930
-1
23
-1
221
-1
259
-1
943
-1
338
502
-1
384
768
-1
247
-1
-1
500
690
395
-1
-1
862
-1
-1
-1
-1
-1
-1
-1
-1
-1
-1
615
-1
930
-1
849
-1
-1
-1
-1
-1
384
-1
-1
930
-1
122
-1
-1
-1
-1
-1
803
-1
270
-1
-1
304
-1
-1
-1
154
-1
395
-1
825
699
121
-1
-1
-1
-1
615
-1
-1
615
-1
-1
862
615
431
647
-1
-1
632
633
849
-1
-1
-1
-1
615
908
-1
803
311
-1
-1
-1
418
-1
825
-1
-1
-1
-1
-1
-1
924
-1
-1
504
-1
-1
-1
-1
790
825
-1
-1
-1
-1
-1
-1
-1
-1
-1
-1
699
-1
311
-1
-1
-1
-1
-1
827
632
-1
-1
-1
-1
-1
918
36
-1
-1
985
-1
-1
-1
-1
791
-1
-1
-1
-1
-1
-1
-1
-1
-1
-1
-1
-1
-1
-1
-1
-1
-1
825
-1
-1
699
-1
-1
-1
228
871
845
852
100
693
504
953
326
396
354
480
63
414
771
335
947
311
377
952
927
632
881
438
329
621
872
918
824
36
985
193
791
617
42
851
201
533
484
552
66
614
38
536
509
593
111
284
820
457
932
7
825
14
210
694
350
699
484
47
724

